header 600 
bgnlib 1/17/2023 18:23:59 1/17/2023 18:23:59 
libname drc.db
units 0.0001 1e-10 

bgnstr 1/17/2023 18:23:59 1/17/2023 18:23:59 
strname top

boundary
layer 1
datatype 0
xy  9  7995 3045  7995 3815  8215 3815  8215 3505  8685 3505  8685 3315  8215 3315  8215 3045  7995 3045
endel
boundary
layer 1
datatype 0
xy  5  6530 3010  6530 3930  6800 3930  6800 3010  6530 3010
endel
boundary
layer 1
datatype 0
xy  5  6020 3940  6020 4250  7090 4250  7090 3940  6020 3940
endel
boundary
layer 1
datatype 0
xy  13  3670 3270  3670 4180  3610 4180  3610 4470  4900 4470  4900 4180  4890 4180  4890 3300  4450 3300  4450 4180  3940 4180  3940 3270  3670 3270
endel
boundary
layer 1
datatype 0
xy  9  10140 3420  10140 4230  9500 4230  9500 4540  10840 4540  10840 4230  10550 4230  10550 3420  10140 3420
endel
boundary
layer 1
datatype 0
xy  9  7995 3845  7995 4615  8215 4615  8215 4305  8685 4305  8685 4115  8215 4115  8215 3845  7995 3845
endel
boundary
layer 1
datatype 0
xy  9  12300 3900  12300 4860  11450 4860  11450 5350  12980 5350  12980 4860  12500 4860  12500 3900  12300 3900
endel
boundary
layer 1
datatype 0
xy  9  7995 4655  7995 5425  8215 5425  8215 5115  8685 5115  8685 4925  8215 4925  8215 4655  7995 4655
endel
boundary
layer 1
datatype 0
xy  9  3870 5400  3870 5870  3600 5870  3600 6090  4370 6090  4370 5870  4060 5870  4060 5400  3870 5400
endel
boundary
layer 1
datatype 0
xy  9  4670 5400  4670 5870  4400 5870  4400 6090  5170 6090  5170 5870  4860 5870  4860 5400  4670 5400
endel
boundary
layer 1
datatype 0
xy  9  5480 5400  5480 5870  5210 5870  5210 6090  5980 6090  5980 5870  5670 5870  5670 5400  5480 5400
endel
boundary
layer 1
datatype 0
xy  9  6280 5400  6280 5870  6010 5870  6010 6090  6780 6090  6780 5870  6470 5870  6470 5400  6280 5400
endel
boundary
layer 1
datatype 0
xy  9  7995 5455  7995 6225  8215 6225  8215 5915  8685 5915  8685 5725  8215 5725  8215 5455  7995 5455
endel
boundary
layer 1
datatype 0
xy  9  9020 6630  9020 6850  9330 6850  9330 7320  9520 7320  9520 6850  9790 6850  9790 6630  9020 6630
endel
boundary
layer 1
datatype 0
xy  9  9820 6630  9820 6850  10130 6850  10130 7320  10320 7320  10320 6850  10590 6850  10590 6630  9820 6630
endel
boundary
layer 1
datatype 0
xy  9  10630 6630  10630 6850  10940 6850  10940 7320  11130 7320  11130 6850  11400 6850  11400 6630  10630 6630
endel
boundary
layer 1
datatype 0
xy  9  11430 6630  11430 6850  11740 6850  11740 7320  11930 7320  11930 6850  12200 6850  12200 6630  11430 6630
endel
boundary
layer 1
datatype 0
xy  9  15180 6240  15180 7120  14060 7120  14060 7360  15370 7360  15370 7130  15470 7130  15470 6240  15180 6240
endel
boundary
layer 1
datatype 0
xy  9  7465 7515  7465 7825  6995 7825  6995 8015  7465 8015  7465 8285  7685 8285  7685 7515  7465 7515
endel
boundary
layer 1
datatype 0
xy  5  11980 8180  11980 8860  12180 8860  12180 8180  11980 8180
endel
boundary
layer 1
datatype 0
xy  5  14220 8000  14220 8930  14420 8930  14420 8000  14220 8000
endel
boundary
layer 1
datatype 0
xy  9  7465 8315  7465 8625  6995 8625  6995 8815  7465 8815  7465 9085  7685 9085  7685 8315  7465 8315
endel
boundary
layer 1
datatype 0
xy  5  11250 8880  11250 9240  12210 9240  12210 8880  11250 8880
endel
boundary
layer 1
datatype 0
xy  5  14380 8960  14380 9280  15250 9280  15250 8960  14380 8960
endel
boundary
layer 1
datatype 0
xy  9  4850 7920  4850 9270  3490 9270  3490 9530  5500 9530  5500 9270  5090 9270  5090 7920  4850 7920
endel
boundary
layer 1
datatype 0
xy  5  12760 9140  12760 9690  12890 9690  12890 9140  12760 9140
endel
boundary
layer 1
datatype 0
xy  9  7465 9125  7465 9435  6995 9435  6995 9625  7465 9625  7465 9895  7685 9895  7685 9125  7465 9125
endel
boundary
layer 1
datatype 0
xy  5  12210 9710  12210 9910  13050 9910  13050 9710  12210 9710
endel
boundary
layer 1
datatype 0
xy  9  10390 8690  10390 10200  9200 10200  9200 10390  10940 10390  10940 10200  10590 10200  10590 8690  10390 8690
endel
boundary
layer 1
datatype 0
xy  9  7465 9925  7465 10235  6995 10235  6995 10425  7465 10425  7465 10695  7685 10695  7685 9925  7465 9925
endel
endstr
endlib
